7
10 10
7283455864
6731158619
8988242643
3830589324
2229505813
5633845374
6473530293
7053106601
0834282956
4607924137
3 4
9505
3845
3530
15 15
400453592126560
114213133098692
474386082879648
522356951189169
887109450487496
252802633388782
502771484966748
075975207693780
511799789562806
404007454272504
549043809916080
962410809534811
445893523733475
768705303214174
650629270887160
2 2
99
99
4 4
1234
4321
9999
9999
2 2
12
21
4 6
123456
567890
234567
194729
4 4
2345
6789
3456
9472
2 6
999999
121211
2 2
99
11
4 6
123412
561212
123634
781288
2 2
12
34
7 15
111111111111111
111111111111111
111111111111111
111111011111111
111111111111111
111111111111111
101010101010101
4 5
11111
11111
11111
11110
